0 2 3 0 0 0 5 6 0 -1 -1 -1 0 6 5 0 0 0 2 7 0
9 0 1 0 0 0 7 0 8 -1 -1 -1 4 0 7 0 0 0 6 0 3
4 6 0 8 0 0 0 2 1 -1 -1 -1 3 2 0 7 0 0 0 1 8
0 0 0 0 8 0 1 0 0 -1 -1 -1 0 0 0 0 3 0 9 0 0
0 0 0 7 0 6 0 0 0 -1 -1 -1 0 0 0 9 0 2 0 0 0
0 0 9 0 4 0 0 0 0 -1 -1 -1 0 0 4 0 1 0 0 0 0
7 9 0 0 0 3 0 1 4 0 0 0 2 9 0 0 0 3 0 4 5
5 0 8 0 0 0 6 0 2 0 9 0 7 0 8 0 0 0 1 0 9
0 4 2 0 0 0 9 7 0 0 8 0 0 4 3 0 0 0 8 6 0
-1 -1 -1 -1 -1 -1 0 0 0 3 0 1 0 0 0 -1 -1 -1 -1 -1 -1
-1 -1 -1 -1 -1 -1 0 6 3 0 0 0 8 7 0 -1 -1 -1 -1 -1 -1
-1 -1 -1 -1 -1 -1 0 0 0 5 0 8 0 0 0 -1 -1 -1 -1 -1 -1
0 5 7 0 0 0 3 8 0 0 5 0 0 1 2 0 0 0 6 3 0
4 0 9 0 0 0 2 0 1 0 4 0 9 0 7 0 0 0 2 0 1
3 1 0 8 0 0 0 4 9 0 0 0 6 8 0 1 0 0 0 7 9
0 0 0 0 7 0 5 0 0 -1 -1 -1 0 0 0 0 1 0 3 0 0
0 0 0 6 0 3 0 0 0 -1 -1 -1 0 0 0 5 0 4 0 0 0
0 0 1 0 4 0 0 0 0 -1 -1 -1 0 0 9 0 7 0 0 0 0
1 6 0 0 0 4 0 7 5 -1 -1 -1 1 9 0 0 0 6 0 4 3
9 0 4 0 0 0 6 0 8 -1 -1 -1 7 0 6 0 0 0 8 0 2
0 7 5 0 0 0 4 2 0 -1 -1 -1 0 4 3 0 0 0 7 9 0
3 0 0 0 1 0 0 0 9 -1 -1 -1 2 0 0 0 3 0 0 0 6
0 7 0 3 9 5 0 4 0 -1 -1 -1 0 3 0 4 6 5 0 9 0
0 0 9 0 0 0 1 0 0 -1 -1 -1 0 0 8 0 0 0 5 0 0
0 3 0 0 0 0 0 1 0 -1 -1 -1 0 9 0 0 0 0 0 5 0
9 1 0 0 0 0 0 5 8 -1 -1 -1 3 1 0 0 0 0 0 2 9
0 4 0 0 0 0 0 6 0 -1 -1 -1 0 7 0 0 0 0 0 8 0
0 0 3 0 0 0 4 0 0 0 0 0 0 0 7 0 0 0 9 0 0
0 9 0 6 5 1 0 2 0 0 0 0 0 4 0 6 7 8 0 1 0
1 0 0 0 8 0 0 0 6 0 2 0 1 0 0 0 2 0 0 0 5
-1 -1 -1 -1 -1 -1 0 0 0 8 0 1 0 0 0 -1 -1 -1 -1 -1 -1
-1 -1 -1 -1 -1 -1 0 0 8 0 0 0 5 0 0 -1 -1 -1 -1 -1 -1
-1 -1 -1 -1 -1 -1 0 0 0 7 0 5 0 0 0 -1 -1 -1 -1 -1 -1
6 0 0 0 3 0 0 0 2 0 9 0 4 0 0 0 2 0 0 0 8
0 2 0 9 8 4 0 7 0 0 0 0 0 9 0 7 1 5 0 6 0
0 0 8 0 0 0 9 0 0 0 0 0 0 0 1 0 0 0 7 0 0
0 1 0 0 0 0 0 5 0 -1 -1 -1 0 3 0 0 0 0 0 2 0
4 7 0 0 0 0 0 9 6 -1 -1 -1 8 2 0 0 0 0 0 4 5
0 3 0 0 0 0 0 2 0 -1 -1 -1 0 1 0 0 0 0 0 3 0
0 0 9 0 0 0 2 0 0 -1 -1 -1 0 0 9 0 0 0 4 0 0
0 4 0 7 2 8 0 6 0 -1 -1 -1 0 6 0 4 8 1 0 7 0
2 0 0 0 6 0 0 0 1 -1 -1 -1 7 0 0 0 6 0 0 0 2
0 0 0 0 4 0 0 0 0 -1 -1 -1 0 0 0 0 9 0 0 0 0
0 0 7 8 0 5 6 0 0 -1 -1 -1 0 0 4 8 0 5 9 0 0
0 2 0 7 0 6 0 5 0 -1 -1 -1 0 3 0 6 0 7 0 5 0
0 4 9 0 0 0 2 7 0 -1 -1 -1 0 4 8 0 0 0 5 1 0
5 0 0 0 0 0 0 0 8 -1 -1 -1 6 0 0 0 0 0 0 0 9
0 1 8 0 0 0 3 4 0 -1 -1 -1 0 9 2 0 0 0 4 7 0
0 3 0 6 0 1 0 8 0 0 0 0 0 2 0 7 0 4 0 3 0
0 0 4 2 0 7 9 0 1 7 0 4 5 0 6 2 0 9 1 0 0
0 0 0 0 3 0 0 6 0 9 0 1 0 7 0 0 1 0 0 0 0
-1 -1 -1 -1 -1 -1 0 1 4 0 0 0 6 5 0 -1 -1 -1 -1 -1 -1
-1 -1 -1 -1 -1 -1 0 0 0 0 0 0 0 0 0 -1 -1 -1 -1 -1 -1
-1 -1 -1 -1 -1 -1 0 5 3 0 0 0 7 1 0 -1 -1 -1 -1 -1 -1
0 0 0 0 5 0 0 7 0 1 0 8 0 9 0 0 1 0 0 0 0
0 0 5 7 0 6 8 0 9 5 0 7 1 0 4 2 0 7 8 0 0
0 8 0 2 0 9 0 4 0 0 0 0 0 6 0 9 0 5 0 1 0
0 9 1 0 0 0 4 8 0 -1 -1 -1 0 5 3 0 0 0 7 6 0
7 0 0 0 0 0 0 0 1 -1 -1 -1 7 0 0 0 0 0 0 0 1
0 4 6 0 0 0 9 3 0 -1 -1 -1 0 2 1 0 0 0 5 3 0
0 5 0 6 0 3 0 9 0 -1 -1 -1 0 7 0 6 0 9 0 5 0
0 0 2 8 0 4 6 0 0 -1 -1 -1 0 0 9 1 0 8 6 0 0
0 0 0 0 2 0 0 0 0 -1 -1 -1 0 0 0 0 7 0 0 0 0

290000068-1-1-1480000059
540020017-1-1-1970040013
000809000-1-1-1000509000
005000600-1-1-1007000100
070080030-1-1-1050070060
009000100-1-1-1004000200
000304000000000803000
360050041000590010082
150000092010760000031
-1-1-1-1-1-1000103000-1-1-1-1-1-1
-1-1-1-1-1-1005000300-1-1-1-1-1-1
-1-1-1-1-1-1000705000-1-1-1-1-1-1
280000017060430000068
740020063000980070045
000103000000000408000
009000700-1-1-1009000500
010050040-1-1-1060020090
004000300-1-1-1004000300
000604000-1-1-1000701000
430090056-1-1-1240060087
120000039-1-1-1790000051
